
2024-05-23 20:33:46

2024-05-23 21:02:12
422.07760669251894,445.09476733474406,217.92239330748106,34.90523266525594
441.9292356202755,462.9511464286749,198.0707643797245,17.048853571325083
528.5695322775205,396.9241557033183,111.43046772247953,83.07584429668168
529.0391625384789,396.97588436069776,110.96083746152112,83.02411563930224
480.3091194838157,483.03777910425964,159.69088051618428,-3.0377791042596414
521.2820623479572,437.86065352333827,118.71793765204279,42.13934647666173
534.4141559798721,372.33765901841167,105.58584402012787,107.66234098158833
498.21305082334635,479.91402914227115,141.78694917665365,0.08597085772885293
495.6133713179312,390.2123875332314,144.38662868206882,89.78761246676862
523.3811810746859,434.25241172468577,116.61881892531414,45.74758827531423
529.5491131028795,395.4418886830345,110.45088689712054,84.5581113169655
484.48362261478206,474.7516024507972,155.51637738521794,5.248397549202821
511.4985993589447,478.44692609376375,128.50140064105528,1.55307390623625
494.5818379648309,484.45585291097973,145.41816203516908,-4.455852910979729
419.80775072782296,392.9378038968117,220.19224927217704,87.06219610318828

2024-05-23 21:11:23
355.888307125191,386.170259866449,284.111692874809,93.82974013355101
350.67075684404614,378.24559566158086,289.32924315595386,101.75440433841914
330.99720361773166,361.64834537111824,309.00279638226834,118.35165462888176
295.5704768926928,348.2192465074241,344.4295231073072,131.7807534925759
312.98953951241015,312.9376941257535,327.01046048758985,167.06230587424648
838.3509887918095,337.4454726557965,-198.35098879180953,142.5545273442035
624.6663421476029,837.7336700547573,15.333657852397096,-357.73367005475734
618.6444928181531,918.9574311178463,21.35550718184686,-438.95743111784634
596.3698475264146,903.0611034369517,43.63015247358544,-423.0611034369517
132.66063247712535,394.2115837574535,507.3393675228747,85.78841624254648
181.28077719888446,316.5547696667523,458.7192228011155,163.4452303332477
165.7115867601516,312.8315867080488,474.2884132398484,167.1684132919512
164.25533965452658,332.39545867815133,475.74466034547345,147.60454132184867
179.10917605467085,353.1197809174076,460.89082394532915,126.88021908259242
155.9743701003124,578.135976058491,484.0256298996876,-98.135976058491
164.03771045241857,623.596636097099,475.96228954758146,-143.596636097099
215.65042816247816,631.5418967420949,424.3495718375218,-151.54189674209488
171.92991737289483,644.8427081352717,468.0700826271052,-164.84270813527166
174.86104592531413,632.7961019000821,465.1389540746859,-152.79610190008214
188.4331123367679,622.0704065253568,451.56688766323214,-142.07040652535682
215.92429572436217,601.083326498274,424.0757042756378,-121.083326498274
251.96023510088995,597.8267068033408,388.0397648991101,-117.82670680334081
269.5111978591301,595.2166220070444,370.4888021408699,-115.2166220070444
290.6038668866903,590.9247263586552,349.3961331133097,-110.92472635865522
363.7777140873608,595.8128118671319,276.2222859126392,-115.81281186713193
445.82618899437017,617.2096590433766,194.17381100562983,-137.20965904337663
465.4638745037253,614.9442030103841,174.53612549627468,-134.94420301038406
491.6846195352374,612.4262724465749,148.3153804647626,-132.4262724465749
515.8739203677201,603.8604885989556,124.12607963227993,-123.86048859895561
551.1197828820343,597.9237910248106,88.88021711796569,-117.92379102481061
579.7740464871996,568.4408055034386,60.2259535128004,-88.44080550343858
545.6070531663698,550.0305012639442,94.39294683363016,-70.03050126394419
580.9574091210407,459.7582178864529,59.042590878959345,20.241782113547117
622.7107458435955,438.73416071431063,17.289254156404468,41.26583928568937
613.5746489840903,459.2309497675714,26.425351015909655,20.769050232428583
603.4315034163691,454.9079854648902,36.56849658363092,25.092014535109797
613.1149973852745,458.4740473865732,26.885002614725522,21.525952613426796
625.6118114431574,463.01866649511396,14.388188556842579,16.981333504886038
626.2077072889679,461.1077256307741,13.792292711032133,18.892274369225902
632.1510240340119,465.8596146760401,7.848975965988075,14.14038532395989
637.6016328029674,470.11768673880067,2.3983671970325986,9.882313261199329
645.7873568906213,475.9564583637919,-5.787356890621254,4.04354163620809
617.6854937180843,471.85534507151107,22.31450628191567,8.144654928488933
587.0328284404877,469.08913216649063,52.96717155951228,10.910867833509371
608.3440834364734,487.33330078762185,31.655916563526603,-7.333300787621852
606.5178264717335,496.0897465125529,33.48217352826646,-16.089746512552892
584.1554563443732,508.38583163838223,55.84454365562681,-28.38583163838223
597.9259716932373,304.4783330077013,42.07402830676267,175.52166699229872
619.1250202557142,286.61419439213745,20.874979744285838,193.38580560786255
632.372030402097,557.840657515679,7.627969597902961,-77.84065751567903
603.1245459759775,536.851155264419,36.875454024022474,-56.85115526441905
640.376138129093,501.42245411755556,-0.37613812909296485,-21.42245411755556
649.6009370116437,535.8754251271716,-9.600937011643737,-55.87542512717164
674.3078603923734,524.8729556207641,-34.307860392373414,-44.87295562076406
684.5309969569021,532.9982858824995,-44.53099695690207,-52.998285882499545
679.8600436425537,532.2333336760486,-39.860043642553705,-52.233333676048574
668.0443360078788,527.0902048976338,-28.04433600787877,-47.09020489763384
704.7591464620708,550.8414721456384,-64.75914646207082,-70.84147214563836
712.8814388216488,554.8826932110729,-72.88143882164877,-74.88269321107293
719.4468307822965,555.7639132027275,-79.4468307822965,-75.76391320272751
733.655864460784,560.7710103401191,-93.65586446078396,-80.77101034011912
739.0317450815522,559.1531642035711,-99.03174508155223,-79.15316420357112
743.0469237025445,558.7878532949147,-103.04692370254452,-78.78785329491473
747.9505715449277,545.0944485252088,-107.9505715449277,-65.0944485252088
735.2951772791729,533.4433130945267,-95.29517727917289,-53.44331309452673
724.7551992177868,518.4312687169687,-84.75519921778675,-38.4312687169687
709.3041946008744,499.90100282102316,-69.30419460087444,-19.901002821023155
694.6917709646866,482.12725400626186,-54.69177096468661,-2.1272540062618646
694.570467963182,477.66734111440206,-54.570467963181954,2.3326588855979367
681.8230452582122,462.86662401477855,-41.82304525821223,17.13337598522145
668.7659998272534,424.78658727254737,-28.76599982725338,55.213412727452635
652.0468463544156,101.17703921152139,-12.046846354415607,378.8229607884786
633.7444321188414,453.37780731858396,6.25556788115864,26.62219268141604
500.7720849963892,522.3850747900524,139.2279150036108,-42.385074790052386
784.4729427779786,732.5567778959445,-144.47294277797857,-252.5567778959445
987.6306459949285,356.8131055574691,-347.6306459949285,123.1868944425309
679.2074668828527,420.9794928437194,-39.207466882852714,59.02050715628059
270.0655049612382,383.3103921822487,369.9344950387618,96.68960781775132
285.1706198989894,356.9951646710259,354.8293801010106,123.00483532897408
311.16572429534415,295.73897023827396,328.83427570465585,184.26102976172604
315.70718041073263,301.82557965427236,324.29281958926737,178.17442034572764
342.3260391332565,306.94850075431236,297.6739608667435,173.05149924568764
336.9043889686422,486.5267144303003,303.0956110313578,-6.526714430300274
385.58171056317406,716.7827264776466,254.41828943682594,-236.78272647764663
295.68730151267596,602.7027673146791,344.31269848732404,-122.70276731467914
233.87925171210665,401.92804237270275,406.1207482878933,78.07195762729725
630.7564245672668,186.10353059349112,9.243575432733223,293.8964694065089
233.54482908718998,292.1949144295213,406.45517091281,187.8050855704787
136.5069218316641,118.40216120519858,503.4930781683359,361.5978387948014
574.1777406997758,130.80536573197787,65.82225930022423,349.1946342680221
643.3890217893751,916.7572869591334,-3.3890217893750787,-436.75728695913335
566.413161409448,833.7149899751555,73.58683859055202,-353.7149899751555
269.59334429590706,266.2845631878594,370.40665570409294,213.71543681214058
242.00160302140904,236.22210488873827,397.99839697859096,243.77789511126173
718.8148544995358,550.0049039452393,-78.81485449953584,-70.00490394523933
271.80100246952765,289.52320755245546,368.19899753047235,190.47679244754454
298.5495214302108,277.2064143785793,341.4504785697892,202.79358562142068
273.9932690405712,271.37037723357196,366.0067309594288,208.62962276642804
328.3275579201426,274.2984733701022,311.6724420798574,205.70152662989778
385.0328536479222,287.24609303836144,254.9671463520778,192.75390696163856
410.3211486334692,292.5462959577581,229.6788513665308,187.4537040422419
425.47221842962233,308.50894758022713,214.52778157037767,171.49105241977287
417.7669730752655,330.38466207102294,222.23302692473447,149.61533792897706
445.31662656706874,381.51985456805295,194.68337343293126,98.48014543194705
472.9929315841248,293.21965417229336,167.0070684158752,186.78034582770664
449.85910777740463,317.0726931291639,190.14089222259537,162.9273068708361
440.52917038710075,321.98939787552456,199.47082961289925,158.01060212447544
449.1624838986217,327.0036036270345,190.8375161013783,152.99639637296548
482.83276264706353,345.21665111644114,157.16723735293647,134.78334888355886
509.52312989045237,344.65220115254164,130.47687010954763,135.34779884745836
514.1508901025732,345.1097472421238,125.84910989742684,134.89025275787623
515.5003352344628,342.6780993038825,124.4996647655372,137.3219006961175
526.4057430995468,347.00640458639134,113.59425690045316,132.99359541360866
520.9560791182848,341.0985758186959,119.04392088171517,138.9014241813041
1079.457523401613,577.0440910541582,-439.4575234016129,-97.04409105415823
582.8717737643693,78.65091318848368,57.12822623563068,401.3490868115163
465.6789697325644,629.7979207508466,174.32103026743562,-149.79792075084663
245.56167174520982,820.130549952598,394.4383282547902,-340.130549952598
434.0917639810337,641.5204553496942,205.9082360189663,-161.5204553496942
445.1859479698526,635.8880437215844,194.81405203014742,-155.88804372158438
397.05697717337847,466.3299268452545,242.94302282662153,13.670073154745523
338.7207168011128,408.0940804648242,301.2792831988872,71.90591953517583
469.93082841708554,624.7699652373553,170.06917158291446,-144.76996523735534
375.2489061529241,440.9715137719823,264.7510938470759,39.0284862280177
422.72416198655867,628.030222196706,217.27583801344133,-148.03022219670595
638.8318545171992,391.32816923075126,1.16814548280081,88.67183076924874
495.11222464003725,603.0964796196355,144.88777535996275,-123.09647961963549
347.45888901893454,448.34108303200645,292.54111098106546,31.658916967993548
369.99804788041894,445.95557748207113,270.00195211958106,34.044422517928865
383.2471322166233,430.2425482557254,256.7528677833767,49.75745174427459
365.58778727752383,419.8153139859605,274.41221272247617,60.18468601403953
364.60273511258004,423.1279343350534,275.39726488741996,56.872065664946604
372.0092582754277,419.7961755443536,267.9907417245723,60.203824455646384
405.194552537878,525.9302448209046,234.805447462122,-45.93024482090459
357.1053682959301,418.79301509379343,282.8946317040699,61.20698490620657
465.5271832345871,608.4477180151058,174.47281676541292,-128.4477180151058
409.41930451046545,451.72813345077054,230.58069548953455,28.271866549229458
423.466927130237,441.3309810303133,216.53307286976298,38.669018969686704
389.00812978798547,437.47349684952894,250.99187021201453,42.52650315047106
356.345034375802,419.3767090717119,283.654965624198,60.6232909282881
423.2534486603017,450.1612734620992,216.74655133969833,29.83872653790081
446.3409826217698,534.5692516349826,193.6590173782302,-54.569251634982606
364.9788785194639,420.25233635904857,275.0211214805361,59.74766364095143
416.37588344756466,479.46476918480187,223.62411655243534,0.5352308151981333
462.5423318711489,605.761405797522,177.45766812885108,-125.761405797522
349.4706149518196,421.4674113472552,290.5293850481804,58.53258865274478
363.1269377020652,421.1633848956557,276.8730622979348,58.836615104344276
382.5474979860275,438.44556305225046,257.4525020139725,41.55443694774954
346.05056055790766,422.41341312997366,293.94943944209234,57.58658687002634
366.09083351620933,419.6152496256262,273.90916648379067,60.38475037437382
344.34928313858524,421.07286781818397,295.65071686141476,58.927132181816035
378.3031512546276,434.48732965618217,261.6968487453724,45.51267034381783
351.57611389005604,427.2513926286904,288.42388610994396,52.74860737130962
361.73205604271925,420.98237490004476,278.26794395728075,59.01762509995524
458.20017333808926,474.683674610407,181.79982666191074,5.316325389592976
426.689934977236,467.0263852917688,213.31006502276398,12.973614708231196
393.07609097648407,442.69457454053077,246.92390902351593,37.305425459469234
379.7499002924783,430.99989480277407,260.2500997075217,49.000105197225935
364.3309769102609,420.1004395285528,275.6690230897391,59.89956047144722
367.23232216081095,436.1514461104688,272.76767783918905,43.84855388953122
448.531212581124,422.7324514289704,191.468787418876,57.26754857102958
383.42763038012043,433.73238623586354,256.57236961987957,46.267613764136456
381.25324583488367,429.2091984933584,258.74675416511633,50.79080150664163
372.0779255495303,429.15611125455627,267.9220744504697,50.843888745443735
333.5210921383093,402.5981623833243,306.4789078616907,77.40183761667572
364.3668303405612,434.0616815686824,275.6331696594388,45.93831843131761
395.816351262747,437.93256669579455,244.183648737253,42.06743330420545
373.53466444886425,428.1890739410769,266.46533555113575,51.81092605892309
365.4718468546317,492.8009581648153,274.5281531453683,-12.800958164815313
325.1288845210252,441.2837941942172,314.8711154789748,38.716205805782806
379.09696180858265,464.40892944168644,260.90303819141735,15.591070558313561
409.55594547816503,475.42349371279073,230.44405452183497,4.57650628720927
329.87557635804853,399.08950084721926,310.12442364195147,80.91049915278074
340.2846524252575,418.566468305478,299.7153475747425,61.433531694522
357.272596251897,421.29541498538276,282.727403748103,58.70458501461724
357.64827699737884,426.50817355250695,282.35172300262116,53.491826447493054
345.0562945305697,433.28462863475494,294.9437054694303,46.71537136524506
338.8670601626692,414.96817948824315,301.1329398373308,65.03182051175685
358.7884484743424,424.6019691043555,281.2115515256576,55.398030895644524
336.32054649803734,400.3839270745175,303.67945350196266,79.61607292548251
340.860932005755,430.6691224045721,299.139067994245,49.33087759542792
440.35114129207517,649.7226675477646,199.64885870792483,-169.72266754776456
356.1392661393016,434.4363046705809,283.8607338606984,45.56369532941909
382.44720319318924,432.22169508886816,257.55279680681076,47.77830491113184
344.55778844471087,422.387846965119,295.44221155528913,57.612153034880976
366.8865424221748,421.2907429478238,273.1134575778252,58.70925705217621
417.1691182991751,422.2676717181502,222.83088170082488,57.73232828184979
374.3852713520228,427.5484924497063,265.6147286479772,52.451507550293684
373.8604246210226,432.7574652168171,266.1395753789774,47.24253478318292
342.43539646116744,431.0043970345381,297.56460353883256,48.9956029654619
404.34931597222555,500.7903296368884,235.65068402777445,-20.790329636888373
341.2225001070352,426.60681403997967,298.7774998929648,53.39318596002033
346.1569284667905,424.4976502694889,293.8430715332095,55.50234973051113
404.90848850335607,528.551781741761,235.09151149664393,-48.55178174176103
358.64087657682137,426.53021094915357,281.35912342317863,53.46978905084643
400.97787721324227,479.0175492131486,239.02212278675773,0.9824507868514161
389.6856623568998,463.83589155716237,250.3143376431002,16.16410844283763
484.85142502180247,613.8859848176631,155.14857497819753,-133.88598481766314
421.4378025542471,508.9282676604732,218.56219744575287,-28.928267660473182
362.61415750308066,411.6432501504423,277.38584249691934,68.35674984955767
466.58391090274256,624.1745761972418,173.41608909725744,-144.17457619724178
397.8631433555073,463.01110194739545,242.1368566444927,16.988898052604554
390.4675366330368,439.378089302339,249.5324633669632,40.62191069766101
413.49691327258296,499.2652082126973,226.50308672741704,-19.265208212697303
393.69625910367887,475.8077520861223,246.30374089632113,4.192247913877679
383.89400436671406,436.50992533207585,256.10599563328594,43.49007466792415
357.1642730902916,426.0926202697239,282.8357269097084,53.90737973027609
344.39338352634604,424.4918825178379,295.60661647365396,55.508117482162106
390.22891176038735,431.2083494788538,249.77108823961265,48.79165052114621
419.28476649759887,443.07036939425035,220.71523350240113,36.92963060574965
389.001873144871,451.3605765918501,250.998126855129,28.639423408149923
364.69025756532653,435.79199387374433,275.30974243467347,44.20800612625567
351.56160982596145,418.10807185475653,288.43839017403855,61.89192814524347
353.94029231807144,424.7878049237906,286.05970768192856,55.21219507620941
495.51711573801316,399.67853719786916,144.48288426198684,80.32146280213084
323.5518510383331,409.7861106573799,316.4481489616669,70.21388934262012
380.41647028484925,446.72327153390256,259.58352971515075,33.27672846609744
358.1468856527829,414.1282148645782,281.8531143472171,65.87178513542182
354.7205710409158,419.4176936260519,285.2794289590842,60.582306373948086
387.7402224265974,470.85567102207466,252.25977757340257,9.14432897792534
425.57764173454814,447.00455627161097,214.42235826545186,32.995443728389034
342.13273609562845,416.0076693598964,297.86726390437155,63.9923306401036
356.705386231866,471.01548706031434,283.294613768134,8.984512939685658
397.0399084564243,470.8029671238192,242.9600915435757,9.1970328761808
445.67145897422967,640.2754403884745,194.32854102577033,-160.27544038847452
362.02816099259434,422.915868390595,277.97183900740566,57.084131609405006
380.6229235665529,430.41244083968667,259.3770764334471,49.58755916031333
389.34808075076756,429.0324760863479,250.65191924923244,50.96752391365209
515.0221249934075,461.29257255896755,124.97787500659251,18.70742744103245
567.4436553802947,421.5961117655392,72.55634461970533,58.403888234460794
415.3434478049414,315.568024997905,224.65655219505862,164.431975002095
480.6240372106319,228.1347156733293,159.3759627893681,251.8652843266707
442.84039149603854,230.03602792096203,197.15960850396146,249.96397207903797
406.1151514861701,211.09658538112498,233.88484851382992,268.903414618875
321.0428761246341,196.63046924986503,318.9571238753659,283.36953075013497
267.24687484682534,180.6720722391039,372.75312515317466,299.3279277608961
216.74219019319764,165.23010038212215,423.25780980680236,314.76989961787785
254.40968719665926,239.69231882983652,385.59031280334074,240.30768117016348
298.91844788586707,357.23190367471244,341.08155211413293,122.76809632528756
278.6056844795663,409.09555060221766,361.3943155204337,70.90444939778234
330.0518644787662,425.4376063659894,309.9481355212338,54.56239363401062
354.54039653174516,423.74208044864884,285.45960346825484,56.257919551351165
367.4712650325686,422.9142208713248,272.5287349674314,57.0857791286752
375.7386338283155,421.1363214796939,264.2613661716845,58.86367852030611
387.22739960642247,423.5445282034057,252.77260039357753,56.45547179659428
407.7604509039175,427.068436812803,232.2395490960825,52.931563187197014
442.4200574998593,429.45782657790556,197.5799425001407,50.542173422094436
487.18063915275883,423.2580800162602,152.81936084724117,56.74191998373982
483.18224489508697,420.36590055512016,156.81775510491303,59.63409944487984
497.2986492506811,416.17082240440925,142.70135074931892,63.82917759559075
523.2678453830257,404.64965455419144,116.7321546169743,75.35034544580856
540.3917895838065,401.7918210558504,99.60821041619351,78.20817894414961
550.8058659442278,413.2832082279597,89.19413405577222,66.71679177204032
541.9708692672529,428.0010826003153,98.02913073274715,51.99891739968467
478.97682786381097,441.37599959230107,161.02317213618903,38.62400040769893
448.71913662614696,444.98268693829874,191.28086337385304,35.01731306170126
434.0517951527914,444.3491670252976,205.94820484720861,35.65083297470238
423.32817199929116,447.56776028719423,216.67182800070884,32.43223971280577
406.07942756757643,455.20250463244224,233.92057243242357,24.797495367557758
433.4768548025875,458.0479527902145,206.52314519741248,21.95204720978552
431.81713824466163,488.9032064320491,208.18286175533837,-8.903206432049103
417.61899247063434,512.581186182683,222.38100752936566,-32.58118618268304
400.03398511994425,518.3128708673177,239.96601488005575,-38.312870867317656
391.9422195001062,518.9736391329725,248.0577804998938,-38.973639132972494
390.0896936011605,521.3771091417104,249.9103063988395,-41.377109141710434
324.45295980531563,544.3927004634246,315.54704019468437,-64.3927004634246
263.2851678876951,589.1289807439601,376.7148321123049,-109.12898074396014
265.59181065591576,599.1055775061462,374.40818934408424,-119.10557750614623
243.9736567666862,601.117900239621,396.0263432333138,-121.11790023962101
743.782537071389,739.6132885628048,-103.78253707138902,-259.61328856280477
755.3570993167492,733.7017833408286,-115.35709931674921,-253.70178334082857
302.2075881339161,708.2758194185548,337.7924118660839,-228.27581941855476
263.9345387155809,742.5161401588742,376.0654612844191,-262.51614015887424
246.56792941517375,763.8803528463261,393.43207058482625,-283.8803528463261
242.94684195288235,774.4999125986895,397.0531580471177,-294.49991259868955
255.4670759113253,774.9779519692404,384.5329240886747,-294.9779519692404
301.6276781950385,760.1417829805114,338.3723218049615,-280.1417829805114
306.3763988348499,759.3097705189987,333.6236011651501,-279.3097705189987
332.43768830649356,756.697386094589,307.56231169350644,-276.697386094589
409.8316838780696,754.5358042983742,230.1683161219304,-274.53580429837416
772.201516546787,440.07016037681996,-132.20151654678705,39.929839623180044
748.912924178769,477.9869034517408,-108.912924178769,2.0130965482592273
764.2127525568005,645.9108021473884,-124.21275255680052,-165.91080214738838
542.3211257552236,375.4059680261567,97.67887424477635,104.5940319738433
912.0529899314968,579.6080182125949,-272.05298993149677,-99.60801821259486
883.4958946947635,576.2499653650234,-243.49589469476348,-96.2499653650234
901.5825071161007,581.862060892213,-261.5825071161007,-101.86206089221298
902.1744053163978,576.6533041794481,-262.17440531639784,-96.65330417944813
935.8176299639481,612.4020061621827,-295.8176299639481,-132.40200616218272
970.5864196926349,626.9270384570751,-330.5864196926349,-146.92703845707513
696.2630159940229,399.2409740925958,-56.26301599402291,80.75902590740418
709.4460032733278,451.36428851435954,-69.44600327332785,28.635711485640456
1081.092841493699,689.2336222644077,-441.0928414936991,-209.2336222644077
619.1419830997648,548.3450753139158,20.858016900235157,-68.3450753139158
1015.6645122720305,658.0597070405267,-375.6645122720305,-178.05970704052675
623.7727325407707,396.85783253039136,16.227267459229324,83.14216746960864
600.9100921838752,438.57403027873954,39.089907816124764,41.42596972126046
1139.8869610216946,773.9377571385143,-499.88696102169456,-293.93775713851426
651.3026453871544,662.6356063863175,-11.30264538715437,-182.63560638631748
805.5157634716938,440.27423728942273,-165.51576347169384,39.72576271057727
618.5178189244108,385.912834218708,21.48218107558921,94.08716578129201
743.7515199687039,441.2943322279776,-103.75151996870386,38.70566777202242
542.2269959288567,508.192890310318,97.7730040711433,-28.192890310317978
584.1721611106102,321.8296134011833,55.827838889389795,158.17038659881672
403.83480189988524,699.2123254620091,236.16519810011476,-219.21232546200906
599.9556147972245,365.9149279422718,40.044385202775516,114.08507205772821
107.02826756924622,383.5534996925565,532.9717324307537,96.4465003074435
359.65479289088785,387.2684909325795,280.34520710911215,92.73150906742052
459.6477921077399,566.3054978420098,180.35220789226008,-86.3054978420098
431.82540298300637,564.2889527421688,208.17459701699363,-84.28895274216882
396.16777735549994,547.9012235505369,243.83222264450006,-67.90122355053688
294.40752403896374,644.1009953867386,345.59247596103626,-164.10099538673865
322.01080039399665,689.874992315854,317.98919960600335,-209.874992315854
428.84767615513994,791.495617525027,211.15232384486006,-311.495617525027
423.9534467478814,755.8551885927775,216.0465532521186,-275.8551885927775
500.25085537154786,703.4715163816835,139.74914462845214,-223.4715163816835
455.2038277723184,572.7447569576084,184.7961722276816,-92.74475695760839
488.74760145199764,642.20355565165,151.25239854800236,-162.20355565165005
262.28924130051814,84.71850347380388,377.71075869948186,395.2814965261961
189.35049437634987,141.02580763515206,450.64950562365016,338.9741923648479
220.5797782110001,722.1959008080445,419.4202217889999,-242.19590080804448
424.4736138403124,432.775324683562,215.5263861596876,47.22467531643798
355.0098342852083,485.2655274264641,284.9901657147917,-5.265527426464075
304.6457180022898,789.4637089113827,335.3542819977102,-309.4637089113827
288.98871222374925,812.5398245116787,351.01128777625075,-332.5398245116787
285.8692473495998,826.304689748994,354.1307526504002,-346.30468974899395
233.01697140618515,844.9243942777019,406.9830285938149,-364.92439427770194
318.8949034104928,492.0842590709587,321.1050965895072,-12.084259070958694
975.4765436317526,329.24985815299385,-335.47654363175263,150.75014184700615
634.3695626635126,505.89773429340624,5.630437336487375,-25.897734293406245
454.2944724690855,423.2002772623377,185.70552753091448,56.79972273766231
750.5041501201237,697.7794359485723,-110.50415012012365,-217.7794359485723
497.47011135757646,601.240525326686,142.52988864242354,-121.240525326686
479.22602225910674,515.9634677875044,160.77397774089326,-35.96346778750444
428.3691501682033,499.7115156663506,211.6308498317967,-19.71151566635058
468.2308304108932,626.1407233696633,171.7691695891068,-146.1407233696633
367.1890287552969,417.11449404540343,272.8109712447031,62.88550595459657
515.2895737035064,468.93429797758,124.71042629649355,11.065702022419998
549.9590763591553,691.2878493679998,90.04092364084465,-211.2878493679998
846.9489853579707,556.3847598546556,-206.94898535797074,-76.38475985465561
853.6838816531765,565.9534874052267,-213.6838816531765,-85.95348740522672
885.9440076192478,589.8065096837495,-245.94400761924783,-109.80650968374948
632.6417925610317,496.79379353110414,7.358207438968293,-16.793793531104143
539.1073509407665,473.465501625313,100.89264905923346,6.534498374687018
751.3852717951995,567.8292864253067,-111.38527179519951,-87.82928642530669
779.5910290434908,555.0963857964755,-139.59102904349083,-75.09638579647549
545.1859674269375,480.06374146445853,94.81403257306249,-0.06374146445853057
578.3874911919856,710.2587204861294,61.612508808014354,-230.2587204861294
576.7567971906082,706.0646605462797,63.243202809391846,-226.0646605462797
569.5978119314759,710.0683464945143,70.40218806852408,-230.06834649451434
551.0515036823601,722.0497872544031,88.94849631763987,-242.0497872544031
516.2309514548807,741.8520329706887,123.76904854511929,-261.8520329706887
472.03498543591036,763.8611283897563,167.96501456408964,-283.86112838975635
394.0233874566581,789.769380706187,245.9766125433419,-309.769380706187
292.98237079657554,461.64362902349535,347.01762920342446,18.35637097650465
437.4733775518683,788.240825029129,202.52662244813172,-308.24082502912904
473.3371741363558,806.3723061731347,166.66282586364417,-326.3723061731347
332.69317817164256,496.1854022733546,307.30682182835744,-16.18540227335461
452.5456950179818,803.7215392085526,187.4543049820182,-323.7215392085526
362.4325469009527,469.7970568330922,277.5674530990473,10.2029431669078
437.17515554511857,459.6930569012059,202.82484445488143,20.30694309879408
428.2345227223939,465.32250397291193,211.76547727760612,14.677496027088068
366.65720695652954,440.39239949195274,273.34279304347046,39.607600508047256
438.4062371085625,457.8320155801612,201.5937628914375,22.167984419838774
383.4561821994788,425.2497604544095,256.5438178005212,54.75023954559049
358.0131458725009,421.64922485208587,281.9868541274991,58.350775147914135
392.0944707023086,450.5405403324365,247.90552929769137,29.45945966756352
427.79450243853523,505.915367658418,212.20549756146477,-25.915367658418006
367.47673427238095,388.8128012903512,272.52326572761905,91.18719870964878
386.8547899515377,439.23474662146424,253.14521004846227,40.76525337853576
326.2709728686272,409.86200106149846,313.7290271313728,70.13799893850154
339.1328018760595,466.24618238445134,300.8671981239405,13.753817615548655
322.69099898063473,480.16914844606947,317.30900101936527,-0.169148446069471
436.6656582889019,661.065526986756,203.3343417110981,-181.06552698675603
420.84914615908093,407.76868208780803,219.15085384091907,72.23131791219197
376.7294844343081,416.2469036870492,263.2705155656919,63.75309631295079
325.7835859595296,412.516369761387,314.2164140404704,67.48363023861299

2024-05-23 21:48:04
638.1872613550704,452.5220095205376,1.8127386449295955,27.47799047946239
620.230645252439,435.0303699539951,19.76935474756101,44.96963004600491
669.0805514714549,411.34541425414506,-29.080551471454896,68.65458574585494
623.8383445950892,441.1008208684353,16.16165540491079,38.89917913156472
797.0704081082838,341.40635655121696,-157.0704081082838,138.59364344878304
928.1480132296246,278.9729575547412,-288.14801322962455,201.02704244525881
1006.1041321722637,224.5211065313197,-366.1041321722637,255.4788934686803
970.0457824584151,262.3317765679638,-330.04578245841515,217.6682234320362
966.0068585023356,265.52157090181197,-326.0068585023356,214.47842909818803
1057.775597217739,186.56830065704685,-417.775597217739,293.43169934295315
1173.5294773520409,147.57909899823173,-533.5294773520409,332.42090100176824
1165.739528222635,153.54293541386164,-525.739528222635,326.45706458613836
1109.7498287714732,203.19232596680376,-469.7498287714732,276.80767403319624
1115.723565077228,219.36363403060037,-475.72356507722793,260.63636596939966
1098.9753857204569,229.75854004513914,-458.97538572045687,250.24145995486086
1081.7596829815188,257.2118646071818,-441.75968298151884,222.78813539281822
1049.0865485537622,275.35337369930346,-409.0865485537622,204.64662630069654
1006.8495194081626,435.43785370964997,-366.84951940816256,44.56214629035003
965.718702559519,316.9616754040961,-325.718702559519,163.03832459590387
929.9855850530753,327.98661158495054,-289.9855850530753,152.01338841504946
895.453728802693,347.39714874991597,-255.45372880269304,132.60285125008403
844.3979826812814,475.6094151884081,-204.3979826812814,4.390584811591907
815.2243153586136,441.03117987146237,-175.22431535861358,38.96882012853763
804.6768386947299,428.4890383937158,-164.6768386947299,51.510961606284184
785.0277860390446,411.8460737486309,-145.0277860390446,68.15392625136911
881.491362098461,374.1269297183493,-241.49136209846097,105.87307028165071
929.4526519787375,394.16093960850014,-289.45265197873755,85.83906039149986
957.9102249462906,615.8795592753298,-317.91022494629055,-135.87955927532983
862.5806958403876,473.01203977975484,-222.58069584038765,6.9879602202451565
837.3549115915184,592.1576637859292,-197.35491159151843,-112.15766378592923
981.1575648237325,495.8986596444724,-341.1575648237325,-15.898659644472389
959.442093896338,627.7919373091249,-319.44209389633795,-147.79193730912493
959.0582385653985,624.8840283413414,-319.0582385653985,-144.88402834134138
834.6820467744215,622.1861947306303,-194.68204677442145,-142.1861947306303
971.053347147065,635.1222514015113,-331.053347147065,-155.12225140151133
993.5553600657147,528.3342497997112,-353.5553600657147,-48.33424979971119
846.0583652853473,418.8508060477351,-206.05836528534735,61.14919395226491
895.8490035790509,350.0278098747983,-255.84900357905087,129.97219012520168
926.3696775673375,354.3085971343842,-286.3696775673375,125.69140286561583
942.3677656215986,362.81987997071786,-302.36776562159855,117.18012002928214
951.1412362885861,385.92927111888673,-311.14123628858613,94.07072888111327
958.7879022084858,616.8617335841623,-318.7879022084858,-136.86173358416227
927.1097973358985,521.7597899053047,-287.1097973358985,-41.75978990530473
929.1105873293737,439.45305718584115,-289.11058732937374,40.546942814158854
959.1716233951812,627.0722272453378,-319.1716233951812,-147.07222724533779
932.2275486589368,452.6991349501682,-292.2275486589368,27.300865049831827
943.6204948794616,454.9750753507149,-303.6204948794616,25.024924649285083
940.3885520657936,501.46526809574704,-300.38855206579365,-21.465268095747035
1018.1144503626975,583.146377215349,-378.11445036269754,-103.14637721534905
975.1783727037092,319.09073823974063,-335.1783727037092,160.90926176025937
915.6156276379083,368.2774792757474,-275.61562763790835,111.7225207242526
743.0238994401955,478.4343508102835,-103.02389944019546,1.5656491897165097
492.20563626269444,507.352258809717,147.79436373730556,-27.352258809717
324.435241396682,739.202324932154,315.564758603318,-259.20232493215406
220.7047849802695,523.8316788832249,419.2952150197305,-43.83167888322487
304.4151052308751,333.122371153789,335.5848947691249,146.877628846211
771.9780330277727,232.74049476937503,-131.97803302777265,247.25950523062497
971.4523533409183,523.8549712370832,-331.4523533409183,-43.85497123708319
374.3170679956254,676.6528092853687,265.6829320043746,-196.65280928536868
469.489233655895,638.6629838496971,170.51076634410498,-158.66298384969707
726.4625923944883,209.80242264617934,-86.4625923944883,270.19757735382063
529.0523403553797,435.59467639553304,110.94765964462033,44.40532360446696
536.3637595485684,723.4780411878423,103.6362404514316,-243.47804118784234
418.4822072726217,675.1525655643419,221.51779272737832,-195.1525655643419
329.3181341102531,531.967851831419,310.6818658897469,-51.96785183141901
763.2155010645448,397.6093504803641,-123.21550106454481,82.39064951963587
763.4309911045073,376.6765761301917,-123.43099110450726,103.32342386980832
737.36890409236,338.33886739271384,-97.36890409236003,141.66113260728616
737.521561028567,519.2898477935158,-97.52156102856702,-39.28984779351583
763.023539950777,366.9001515958217,-123.02353995077704,113.09984840417832
770.5160488683232,377.79003552373155,-130.5160488683232,102.20996447626845
74.50298855891923,883.7516554550814,565.4970114410808,-403.7516554550814
761.4252448595105,561.5061065726543,-121.42524485951049,-81.50610657265429
423.0661537271562,524.0362805553076,216.93384627284382,-44.0362805553076
1047.8191769397324,467.0537395941625,-407.8191769397324,12.946260405837506
802.3877241818798,568.569884209648,-162.38772418187978,-88.56988420964797
768.3851612350973,331.90915675974577,-128.38516123509726,148.09084324025423
787.0195093215342,317.35312645673815,-147.0195093215342,162.64687354326185
668.9494315570585,378.3981548563591,-28.94943155705846,101.6018451436409
477.09906247553363,585.1773849033789,162.90093752446637,-105.17738490337888
362.27213476300943,528.4191696175313,277.72786523699057,-48.41916961753134
301.42810508964624,610.7879363217211,338.57189491035376,-130.78793632172108
511.4585083250022,579.1221035827356,128.54149167499781,-99.12210358273558
266.7192645460338,582.5865183931048,373.2807354539662,-102.58651839310483
129.58541982838506,617.4436527878846,510.41458017161494,-137.44365278788462
518.755655314272,710.5280877317225,121.24434468572804,-230.5280877317225
767.5242295385206,678.8947038208555,-127.52422953852056,-198.8947038208555
843.7033733588178,331.687118133068,-203.70337335881777,148.312881866932
626.5239249296847,413.94589558597454,13.476075070315346,66.05410441402546
623.2777094233846,394.6385303293708,16.722290576615364,85.36146967062922
440.40989469393384,500.1186525419665,199.59010530606616,-20.118652541966526
542.477359284428,577.1523685903541,97.52264071557204,-97.15236859035406
68.47983463602384,191.320045036671,571.5201653639762,288.679954963329
283.36908635833737,462.37376161397225,356.63091364166263,17.62623838602775
277.5171132842338,456.93247534239214,362.4828867157662,23.067524657607862
259.56634059695256,461.5084883989796,380.43365940304744,18.49151160102042
253.7116251615146,462.44671189251727,386.2883748384854,17.55328810748273
277.8332877210201,470.5996209518962,362.1667122789799,9.400379048103787
375.53256728304154,493.39173938339513,264.46743271695846,-13.391739383395134
407.346282896304,481.9453053956771,232.653717103696,-1.94530539567711
358.860686839618,498.96928186334685,281.139313160382,-18.96928186334685
380.65293494407274,483.360288233045,259.34706505592726,-3.3602882330450257
368.68625022353797,483.09155708569926,271.31374977646203,-3.0915570856992645
415.5724352416451,504.39299569001577,224.4275647583549,-24.392995690015766
363.26757821065985,499.05253452360733,276.73242178934015,-19.052534523607335
254.59642406329206,591.522225539255,385.40357593670797,-111.52222553925503
309.76855655498133,487.3706751325822,330.23144344501867,-7.370675132582221
242.26135590243342,599.6170171839569,397.7386440975666,-119.61701718395693
607.4071644185503,244.6199108932986,32.59283558144966,235.3800891067014
322.8002690562404,865.935345860521,317.1997309437596,-385.935345860521
448.6934017318205,491.49865005247955,191.30659826817953,-11.498650052479547
449.91972259675083,481.16124091606304,190.08027740324917,-1.1612409160630364
402.45538136347517,496.6420604301066,237.54461863652483,-16.642060430106596
580.3944285233466,462.9217398909256,59.60557147665338,17.078260109074392
488.43139671232655,498.1865779451857,151.56860328767345,-18.186577945185718
469.2018013726334,495.24604894942286,170.79819862736662,-15.246048949422857
481.9385532130794,497.7513583844933,158.0614467869206,-17.7513583844933
496.2223945788134,483.5885767510067,143.7776054211866,-3.5885767510067126
457.56989992944244,506.63521109879235,182.43010007055756,-26.635211098792354
434.5379156440998,501.1969154289117,205.46208435590017,-21.196915428911723
451.609118152526,487.9304468741084,188.39088184747402,-7.930446874108384
422.9451381740492,473.94768791378635,217.0548618259508,6.052312086213647
408.74973141619023,485.8517523962744,231.25026858380977,-5.851752396274378
385.95956237644293,499.79073922701417,254.04043762355707,-19.79073922701417
379.9430822262919,498.34415007745633,260.0569177737081,-18.344150077456334
338.7670400907422,520.3972976811492,301.2329599092578,-40.39729768114921
281.38085366132015,537.9415493785995,358.61914633867985,-57.94154937859946
262.34064484616766,403.1008793509472,377.65935515383234,76.8991206490528
267.13534033797526,391.1822547934132,372.86465966202474,88.81774520658678
196.63635396789863,443.47428800841254,443.36364603210137,36.52571199158746
205.3100508723569,465.2373504881011,434.6899491276431,14.762649511898928
199.42339473232025,387.0636619377155,440.5766052676797,92.9363380622845
526.0824572608549,716.8696276250646,113.91754273914512,-236.8696276250646
534.7238660011225,687.2831590287408,105.27613399887753,-207.28315902874078
105.3640268567397,443.73525067845884,534.6359731432603,36.26474932154116
464.5329756439671,719.6418030283857,175.46702435603288,-239.64180302838565
517.6210125906612,690.6918358227857,122.37898740933883,-210.69183582278572
245.95469845670235,326.2387627457992,394.0453015432977,153.7612372542008
520.5634742565518,721.3207020974038,119.43652574344821,-241.3207020974038
386.9404197814465,495.52113053308904,253.0595802185535,-15.521130533089035
383.28528028585583,497.49801015693134,256.71471971414417,-17.498010156931343
386.1761406362779,499.26463598381605,253.82385936372208,-19.26463598381605
382.90184864080004,466.5872784372103,257.09815135919996,13.412721562789727
409.31675059632965,482.1139252636846,230.68324940367035,-2.113925263684621
367.1224997695792,485.8229211505098,272.8775002304208,-5.822921150509785
380.9559986775179,495.64478223145227,259.0440013224821,-15.644782231452268
403.220185553802,482.28789467937,236.77981444619797,-2.2878946793700266
368.4622937676995,495.44527122652727,271.5377062323005,-15.445271226527268
357.80671845504736,496.17416934764344,282.19328154495264,-16.174169347643442
403.4375655324861,484.1057489001811,236.56243446751392,-4.105748900181084
371.4703727996513,502.82251806241817,268.5296272003487,-22.82251806241817
358.50967028809924,513.32159370633,281.49032971190076,-33.32159370632996
375.23008193790537,511.0683778043246,264.76991806209463,-31.068377804324598
431.0029787903058,508.9768905066321,208.9970212096942,-28.976890506632117
307.75584743020414,564.51235994774,332.24415256979586,-84.51235994774004
298.942813595475,538.2795160189764,341.057186404525,-58.27951601897644
270.76102445260886,543.4869562467653,369.23897554739114,-63.48695624676532
352.5819682637231,484.7929159725537,287.4180317362769,-4.792915972553715
323.8163532136859,526.3863678415452,316.1836467863141,-46.386367841545166
363.525392133388,485.8437327850446,276.474607866612,-5.843732785044608
200.97089544751623,598.6743336406572,439.0291045524838,-118.67433364065721
401.33237156316073,487.2353750506906,238.66762843683927,-7.235375050690607
339.0137471504637,500.4994141829234,300.9862528495363,-20.499414182923374
331.02855973168374,468.76308167345746,308.97144026831626,11.236918326542536
277.6489071680576,467.233850347273,362.3510928319424,12.766149652726995
358.6608028077368,416.204422477851,281.3391971922632,63.79557752214902
302.1439140312881,373.5037159857358,337.8560859687119,106.49628401426418
150.05709056288504,241.70469162407738,489.94290943711496,238.29530837592262
120.4308880062949,230.84644445660692,519.5691119937051,249.15355554339308
138.40918795738952,208.75607650434034,501.5908120426105,271.24392349565966
163.78019917753514,247.61312222917095,476.2198008224649,232.38687777082905
149.7243218519193,250.64702576109485,490.2756781480807,229.35297423890515
175.01126179680392,263.56115394048123,464.9887382031961,216.43884605951877
146.25787328106168,400.20705917733267,493.7421267189383,79.79294082266733
228.30417874475768,278.2665250063938,411.6958212552423,201.7334749936062
238.20217080901108,279.6128012685842,401.7978291909889,200.38719873141582
227.4199720783214,307.8729432247351,412.5800279216786,172.12705677526492
249.50007180610484,323.94341261770074,390.49992819389513,156.05658738229926
309.35838115694315,316.1780320418437,330.64161884305685,163.82196795815628
329.63911836775907,330.74073173102175,310.36088163224093,149.25926826897825
311.29340612970054,362.14934713712546,328.70659387029946,117.85065286287454
327.97671121516055,372.928874776227,312.02328878483945,107.07112522377298
358.0657439910075,365.4884582652846,281.9342560089925,114.51154173471542
358.9535783179193,419.17324658119924,281.0464216820807,60.82675341880076
493.49222776538915,715.9979601749699,146.50777223461085,-235.99796017496988
453.8196179864349,755.9658718481303,186.18038201356512,-275.9658718481303
422.343241632929,396.79136281965395,217.656758367071,83.20863718034605
112.21757294492328,823.3926498889462,527.7824270550767,-343.39264988894615
144.40957017594698,760.2189794497499,495.590429824053,-280.2189794497499
157.33900669816046,729.4254978544791,482.66099330183954,-249.4254978544791
419.7285721341733,507.4031380268117,220.2714278658267,-27.40313802681169
410.22097364475843,512.5838963157478,229.77902635524157,-32.58389631574778
368.6930518387989,506.16978185076545,271.3069481612011,-26.169781850765446
142.08354974461338,793.4665706390576,497.9164502553866,-313.46657063905764
251.3623064189758,613.8151869819401,388.6376935810242,-133.8151869819401
223.8584924767061,634.3609093294456,416.1415075232939,-154.36090932944558
259.20550653391905,608.3651220134309,380.79449346608095,-128.3651220134309
236.85578438260146,620.1957020601416,403.1442156173986,-140.19570206014157
451.2109123961103,503.50577279844487,188.7890876038897,-23.505772798444866
441.07372646761866,508.4140136339055,198.92627353238134,-28.414013633905483
468.79563680242705,517.7118037780444,171.20436319757295,-37.71180377804444
367.8764250940397,552.084433580945,272.1235749059603,-72.08443358094496
404.99841003037284,485.7197968221442,235.00158996962716,-5.71979682214419
390.57903635953335,477.3027856076978,249.42096364046665,2.6972143923022145
274.33143675574803,690.357312262464,365.66856324425197,-210.357312262464
360.4140731304173,863.5582182664264,279.5859268695827,-383.55821826642637
152.4517142559025,819.1152973682744,487.5482857440975,-339.11529736827435
222.49445830029762,592.2209392009036,417.50554169970235,-112.22093920090356
225.17976482440676,626.0643660996399,414.8202351755932,-146.06436609963987
283.6915969551045,508.057889367863,356.3084030448955,-28.057889367863027
253.28686443520337,527.5895015681632,386.71313556479663,-47.5895015681632
230.06841429466775,571.8163632890023,409.9315857053323,-91.81636328900231
221.5316823763764,587.5587761641664,418.4683176236236,-107.55877616416637
239.1615032916362,554.0082410224724,400.8384967083638,-74.00824102247236
222.9990237821535,586.7460802626067,417.0009762178465,-106.74608026260671
231.00117870272413,612.511354242277,408.99882129727587,-132.51135424227698
350.17420394036327,484.7487564283736,289.82579605963673,-4.748756428373611
301.76900828767947,524.9516527639964,338.23099171232053,-44.951652763996435
182.61362879160535,487.81966457649315,457.3863712083946,-7.819664576493153
210.26251785168952,554.7461115357892,429.7374821483105,-74.74611153578917
185.85520620405245,579.3995713180517,454.1447937959475,-99.3995713180517
210.03219541102706,553.6481120999346,429.96780458897297,-73.64811209993456
710.5394692864495,534.62999318163,-70.5394692864495,-54.62999318162997
574.0842372544003,478.81122165282454,65.91576274559975,1.1887783471754574
589.9716511263863,486.68609535657623,50.02834887361371,-6.6860953565762316
500.73179735028765,489.7412613740951,139.26820264971235,-9.741261374095075
822.2466762986598,456.38608150365746,-182.24667629865985,23.613918496342535
935.4437313857396,377.773392347641,-295.4437313857396,102.22660765235901
913.8731645144052,566.2520680687192,-273.8731645144052,-86.25206806871915
1065.5989898966898,501.0548091509402,-425.5989898966898,-21.054809150940173
634.822526998516,424.34308543710574,5.177473001484032,55.65691456289426
693.8315002407124,390.8938144366026,-53.831500240712444,89.10618556339739
878.4242116893798,330.612334417516,-238.42421168937983,149.38766558248398
186.8883155589048,684.6085389585868,453.11168444109524,-204.6085389585868
1039.2462502492147,607.7159181900563,-399.24625024921465,-127.7159181900563
755.0905086724935,464.4122718575523,-115.09050867249346,15.587728142447702
650.2231203681376,424.2875771415657,-10.223120368137643,55.71242285843431
669.7915658046887,473.37070456318855,-29.79156580468873,6.6292954368114465
676.4232902934361,503.9082737079924,-36.42329029343614,-23.908273707992407
702.7122032496358,500.84695743632403,-62.71220324963576,-20.846957436324033
700.3806535180369,491.8589588477084,-60.380653518036866,-11.85895884770838
527.599830752283,486.6968211100163,112.40016924771703,-6.6968211100162875
368.3804944060839,471.84596747897905,271.6195055939161,8.154032521020952
204.90663777610834,516.4219686740296,435.09336222389163,-36.421968674029586
315.69342821261915,518.7400812207272,324.30657178738085,-38.740081220727234
547.9605223862201,447.17712573544276,92.03947761377992,32.82287426455724
557.1631552110406,445.8574191279904,82.83684478895941,34.1425808720096
285.39195974627927,550.1818175450092,354.60804025372073,-70.18181754500915
335.84862994254075,621.5149658060674,304.15137005745925,-141.51496580606738
532.5730875662837,466.33562250008714,107.42691243371632,13.66437749991286
274.1667144579677,499.47163757496276,365.8332855420323,-19.471637574962756

2024-05-27 15:15:37

2024-05-27 15:16:07

2024-05-28 14:44:25

2024-05-28 14:47:29

2024-05-28 14:47:48

2024-05-28 14:50:15
551.9354299637578,464.3515126192596,88.06457003624223,15.648487380740391
560.1874826627633,457.7997959431681,79.81251733723673,22.20020405683192
425.25511584605493,537.3265266101553,214.74488415394507,-57.32652661015527

2024-05-28 14:52:20

2024-05-28 14:52:53

2024-05-28 15:28:43

2024-05-28 15:33:28
543.1133776329228,310.70282386471837,96.88662236707717,169.29717613528163
673.2587687809421,284.8878968902605,-33.25876878094209,195.1121031097395
355.90895610082646,447.9185511103451,284.09104389917354,32.081448889654894

2024-06-03 11:23:12

2024-06-03 11:25:48

2024-06-03 11:26:19

2024-06-04 17:57:32

2024-06-04 17:59:58

2024-06-05 09:31:43

2024-06-05 09:31:53

2024-06-05 09:36:58

2024-06-05 09:48:46
624.9521134950506,816.8586110553596,15.04788650494936,-336.8586110553596
301.820171983684,526.4466856126187,338.179828016316,-46.446685612618694
647.2509516963191,599.0054098674424,-7.2509516963191345,-119.00540986744238
329.3124775412655,7.231492474013389,310.6875224587345,472.7685075259866
553.4169453772594,692.5131738100243,86.58305462274063,-212.51317381002434

2024-06-05 13:41:17

2024-06-05 13:43:53

2024-06-05 13:45:16

2024-06-05 15:24:10
382.2262948759314,489.0266902642547,257.7737051240686,-9.026690264254682
294.92385693784496,518.1670080940735,345.07614306215504,-38.16700809407348
303.50105915067786,524.1542166726314,336.49894084932214,-44.15421667263138
350.15581254317306,504.01360603359774,289.84418745682694,-24.01360603359774
340.5553197697682,513.1377086927771,299.4446802302318,-33.137708692777096
292.84159927948906,508.9365294053815,347.15840072051094,-28.93652940538152
446.4279357993868,497.01318360431213,193.57206420061323,-17.013183604312133
433.3998659183543,499.23971691075167,206.6001340816457,-19.239716910751667
356.4515990172198,511.5672480345278,283.5484009827802,-31.56724803452778

2024-06-05 15:49:17

2024-06-05 15:51:24

2024-06-05 17:17:06

2024-06-05 17:17:43

2024-06-05 17:17:54

2024-06-05 17:18:41

2024-06-05 17:19:42

2024-06-05 17:24:50

2024-06-05 18:40:07

2024-06-11 09:34:36

2024-06-11 09:35:02

2024-06-12 19:16:12

2024-06-12 19:17:38

2024-06-12 19:18:29

2024-06-12 19:18:41

2024-06-12 19:18:56

2024-06-12 19:19:37

2024-06-12 19:20:32

2024-06-12 19:21:07

2024-06-12 19:22:03

2024-06-12 20:42:41

2024-06-12 20:45:04

2024-06-12 21:30:56

2024-06-17 12:22:29

2024-06-17 12:22:50

2024-06-17 12:24:08

2024-06-17 12:27:07

2024-06-17 12:28:24

2024-06-17 12:29:05

2024-06-17 12:29:57

2024-06-17 12:32:45

2024-06-17 12:32:48

2024-06-17 12:33:23

2024-06-17 12:35:00

2024-06-17 12:35:47

2024-06-17 12:36:10

2024-06-17 12:36:39

2024-06-17 12:40:10
301.23508191249323,433.5190468899835,338.76491808750677,46.480953110016515

2024-06-17 12:41:56

2024-06-17 12:46:23
1052.7311111758333,671.8978309399215,-412.73111117583335,-191.8978309399215
935.078329952049,223.75539177594473,-295.078329952049,256.24460822405524
612.3581100993432,112.96374492800432,27.641889900656793,367.0362550719957
698.4937517856066,835.0259924082322,-58.493751785606605,-355.02599240823224
252.65754548014027,235.2417723957209,387.34245451985976,244.7582276042791
572.5889839460222,398.19328388700217,67.41101605397785,81.80671611299783
337.6850534507804,303.42709947585433,302.3149465492196,176.57290052414567
406.14713562663525,339.8625003380041,233.85286437336475,140.1374996619959
801.015081250602,719.3307633913158,-161.01508125060195,-239.33076339131583
767.6923680697297,520.3682510380337,-127.6923680697297,-40.36825103803369
870.5454789186825,498.9136213417012,-230.54547891868253,-18.913621341701173
825.7907524187569,468.4309577904568,-185.79075241875694,11.569042209543227
965.804648109507,407.98598160938496,-325.80464810950696,72.01401839061504
879.5021621737475,491.19607312611913,-239.50216217374748,-11.196073126119131
479.96949521657297,871.9227980294188,160.03050478342703,-391.9227980294188
1198.880300586476,183.94269915527588,-558.8803005864761,296.0573008447241
1178.2223895903956,566.3259830418683,-538.2223895903956,-86.32598304186831
1106.2074205728275,538.0177358380769,-466.20742057282746,-58.017735838076874
62.05709270636777,458.37902423342445,577.9429072936323,21.620975766575555
160.23932903631172,431.2589194238933,479.7606709636883,48.7410805761067
99.24548028555117,454.25224874758635,540.7545197144489,25.74775125241365
147.7153988298876,448.86220103712566,492.2846011701124,31.137798962874342
62.53858619433826,510.50272874270206,577.4614138056618,-30.50272874270206
102.31927073696149,495.64862124003105,537.6807292630385,-15.648621240031048
25.126782458953226,487.88540260658147,614.8732175410468,-7.885402606581465
629.1221802199105,776.2585143941998,10.877819780089453,-296.2585143941998
1049.65652271308,230.15886981255002,-409.65652271308,249.84113018744998
1042.8672245389314,178.93984915926387,-402.8672245389314,301.0601508407361
959.3289739310206,399.894038057621,-319.32897393102064,80.105961942379
687.6575662257721,215.69664605677406,-47.65756622577214,264.30335394322594
809.7791264284784,469.37725691844423,-169.77912642847843,10.622743081555768
482.4944937389809,571.0389782994032,157.5055062610191,-91.0389782994032
381.3356057892452,470.25661986673396,258.6643942107548,9.743380133266044
532.5530583098413,444.11594732237336,107.44694169015872,35.88405267762664
345.3849670386859,503.30960122728686,294.6150329613141,-23.309601227286862
495.93667155279223,548.5496979474798,144.06332844720777,-68.54969794747979
250.79300891850022,497.6849629841759,389.2069910814998,-17.68496298417591
379.2148983573649,510.24429194079624,260.7851016426351,-30.244291940796245
377.11106052162484,495.4844070618373,262.88893947837516,-15.484407061837317
360.5210500991844,499.22635788620886,279.4789499008156,-19.22635788620886
394.12808210349795,492.9081084344297,245.87191789650205,-12.908108434429721
429.1393369086678,467.5120761179224,210.86066309133219,12.48792388207761
432.1710539322471,521.0327383137064,207.8289460677529,-41.03273831370643
272.21756716644967,504.333301291716,367.78243283355033,-24.333301291715998
379.91421284099727,488.85277491197775,260.08578715900273,-8.852774911977747
383.3713158697045,526.2580137999611,256.6286841302955,-46.25801379996108
370.3505449996812,490.0002464713417,269.6494550003188,-10.000246471341711
348.16665374516526,456.00244612683525,291.83334625483474,23.997553873164748
432.13962851131515,468.4536319551018,207.86037148868485,11.546368044898202
243.33218190479693,565.2822594516576,396.6678180952031,-85.28225945165764
374.46343678525216,599.9985545868442,265.53656321474784,-119.9985545868442
328.94772879955735,501.51501003223126,311.05227120044265,-21.51501003223126
326.4909714887956,480.0803470747432,313.5090285112044,-0.08034707474320157
329.8899274293429,452.14280823914095,310.1100725706571,27.857191760859052
350.3319464730088,491.6118435065997,289.6680535269912,-11.611843506599712
459.8503410332384,452.98215953669114,180.1496589667616,27.017840463308858
519.7026932608109,439.31898204146853,120.29730673918914,40.68101795853147
334.130174540278,481.12670917100536,305.869825459722,-1.1267091710053592
309.1832600775369,426.76197616504874,330.8167399224631,53.238023834951264
37.033287146570146,422.40407158766465,602.9667128534298,57.595928412335354
107.90991983103078,446.87665022937466,532.0900801689693,33.12334977062534
345.3358539379843,470.1059101239138,294.6641460620157,9.894089876086184
373.9940954786756,479.0269010587487,266.0059045213244,0.973098941251294
418.1267378888347,508.2899988751043,221.87326211116527,-28.28999887510429
489.1575469195783,516.7531064632805,150.8424530804217,-36.75310646328046
900.8024128232867,593.387512641346,-260.80241282328666,-113.387512641346
184.3448218739585,470.5463951706478,455.6551781260415,9.453604829352173
901.5725060252499,607.7925070781052,-261.57250602524994,-127.79250707810525

2024-06-17 12:50:29
383.1855289363007,477.66620235906834,256.8144710636993,2.333797640931664
620.2948740885863,255.74332261954174,19.70512591141369,224.25667738045826
540.4045687366253,443.0032518300614,99.59543126337473,36.9967481699386
1052.9539595553056,307.1894970170982,-412.9539595553056,172.81050298290182
940.4817231469026,692.8730734371196,-300.4817231469026,-212.87307343711961
958.9479057043521,60.61732508251459,-318.94790570435214,419.3826749174854
810.0079398107216,481.8154001881735,-170.0079398107216,-1.8154001881734985
669.2628706025536,575.0694360323014,-29.262870602553562,-95.06943603230138
1091.1917538680489,261.116456492754,-451.19175386804886,218.88354350724597
639.9133952314941,274.1411291844494,0.08660476850593568,205.85887081555057
103.10225725157338,108.95101849049126,536.8977427484266,371.04898150950874
1078.803573164334,460.1264135900823,-438.803573164334,19.87358640991772
924.0193154031151,733.7701242427405,-284.0193154031151,-253.7701242427405
940.7825234939024,242.81254278391185,-300.78252349390243,237.18745721608815
847.0334413253478,948.5626997174852,-207.03344132534778,-468.5626997174852
1085.3561741824717,222.79148378397497,-445.3561741824717,257.20851621602503
185.3905995208071,675.0494126205839,454.6094004791929,-195.0494126205839
896.8053545877241,220.65344045135427,-256.8053545877241,259.3465595486457
827.1997621263195,407.3967065854978,-187.19976212631946,72.60329341450222
829.2387511393654,431.0677117493889,-189.23875113936538,48.93228825061112
829.7456632413217,434.9042382825809,-189.74566324132172,45.09576171741912
828.1139964417688,428.39099857063815,-188.1139964417688,51.609001429361854
809.9651211869368,436.08393571580024,-169.9651211869368,43.91606428419976
785.5170334692637,406.3392665842448,-145.51703346926365,73.6607334157552
877.836572982931,419.89809923892636,-237.836572982931,60.10190076107364
937.2533529045871,664.0146325203469,-297.25335290458713,-184.01463252034694
936.3608534527825,453.06636394325517,-296.3608534527825,26.93363605674483
962.8080857739362,447.9350788731122,-322.8080857739362,32.06492112688778
905.4855542819874,527.5694776899908,-265.48555428198745,-47.56947768999078
984.9950238669827,434.2826755595947,-344.9950238669827,45.71732444040532
949.2454562788878,439.8503131076528,-309.2454562788878,40.14968689234718
940.0062808021067,488.6072170188692,-300.00628080210674,-8.607217018869221
1021.5421373377043,619.56182021947,-381.5421373377043,-139.56182021946995
1024.9749128993628,535.5353426955899,-384.97491289936283,-55.53534269558986
980.7423039440446,526.1221635099055,-340.7423039440446,-46.12216350990548
1016.4337489414074,501.70577965838197,-376.43374894140743,-21.70577965838197
985.7572627940975,541.0967483512002,-345.7572627940975,-61.096748351200176
976.8377067380417,539.9209901702714,-336.8377067380417,-59.92099017027135
946.1010110434224,550.0722901985508,-306.10101104342243,-70.07229019855083
367.1506394258869,583.7619416259047,272.8493605741131,-103.76194162590468
1038.170824948909,545.513357299962,-398.17082494890906,-65.51335729996197
1147.401420111412,472.2422562600323,-507.4014201114121,7.75774373996768
404.6504589141903,678.5612899285564,235.34954108580968,-198.56128992855645
1049.328223923134,418.69816131120723,-409.3282239231339,61.30183868879277
87.1517742507693,119.29928714349964,552.8482257492307,360.70071285650033
76.97058361784082,62.431223671599064,563.0294163821592,417.56877632840093
997.3720497679252,496.4645496684298,-357.3720497679252,-16.46454966842981
1051.8010009474021,466.9444918726684,-411.80100094740214,13.05550812733162
991.1281983350956,509.6287108401711,-351.1281983350956,-29.628710840171095
973.3841905719328,535.3070495828431,-333.3841905719328,-55.30704958284309
972.9969962692716,555.5787450586345,-332.99699626927156,-75.57874505863447
972.9345511719409,538.6057173754147,-332.93455117194094,-58.605717375414656
929.5661225978238,563.868721341234,-289.5661225978238,-83.86872134123405
977.0857866217331,526.5475414561587,-337.08578662173306,-46.54754145615868
946.9816399707863,556.0691028833689,-306.9816399707863,-76.06910288336894
978.838039816486,544.5267246665233,-338.838039816486,-64.52672466652325
934.4518306653803,573.4346003999018,-294.45183066538027,-93.4346003999018
941.3559734980142,573.9586311142509,-301.35597349801424,-93.95863111425092
918.4381782817494,516.1952100646395,-278.4381782817494,-36.19521006463947
942.7716278727512,570.7558317101655,-302.7716278727512,-90.75583171016547
1011.2780498524128,587.6553993929609,-371.2780498524128,-107.65539939296093
1058.870082867221,573.0452444861181,-418.8700828672211,-93.04524448611812
1109.4419889079006,567.9395972971444,-469.4419889079006,-87.93959729714436
1090.0324574413885,577.1464927681657,-450.0324574413885,-97.14649276816567
1039.9377265563508,579.6960860953823,-399.93772655635075,-99.69608609538227
1102.0280296811995,521.4678771873689,-462.02802968119954,-41.46787718736891
271.19036811258127,189.88338725780716,368.80963188741873,290.11661274219284
195.78443089763724,202.6057154598559,444.2155691023628,277.3942845401441
874.123665068154,674.8029077898098,-234.12366506815397,-194.80290778980975
1211.3322021228605,438.5064668801537,-571.3322021228605,41.49353311984629
1055.6345526670555,459.13693222294785,-415.63455266705546,20.86306777705215
1071.7940294610275,511.9908506363166,-431.79402946102755,-31.990850636316623
551.7729679268123,514.0166597422532,88.22703207318773,-34.01665974225318
736.9553721748609,518.1472754244483,-96.95537217486094,-38.14727542444825
678.1014299275175,483.09227751150274,-38.10142992751753,-3.0922775115027434
1038.9467105365657,359.18497963972413,-398.94671053656566,120.81502036027587
1043.2999786854646,363.0032211107586,-403.29997868546457,116.9967788892414
277.69721266475665,376.22800051643736,362.30278733524335,103.77199948356264
1043.013282853583,353.98693497187594,-403.01328285358295,126.01306502812406
700.8468619417636,319.5636902742879,-60.846861941763564,160.43630972571208
733.5596002047955,252.06740192015286,-93.55960020479552,227.93259807984714
934.6754363315838,166.74136908766096,-294.6754363315838,313.2586309123391
823.2053727599329,373.63364669107614,-183.20537275993286,106.36635330892386
845.3241379606692,375.4626604838134,-205.3241379606692,104.53733951618659
871.8815011778458,323.98084197980535,-231.88150117784585,156.01915802019465
853.3971837076269,345.39710631018437,-213.39718370762694,134.60289368981563
865.2152407157479,360.5286331879783,-225.21524071574788,119.4713668120217
912.8330800179692,407.70494715624113,-272.8330800179692,72.29505284375887
877.386925961738,401.733150861045,-237.38692596173803,78.26684913895502
904.6853763675314,370.5978317159711,-264.6853763675314,109.4021682840289
1000.9434517177083,349.92540667520683,-360.9434517177083,130.07459332479317
969.1127677057502,404.3665016357406,-329.11276770575023,75.63349836425942
926.3805753483888,701.6787718656399,-286.3805753483888,-221.67877186563987
548.0359307872727,450.44284464113446,91.96406921272728,29.557155358865543
766.414515080128,497.6452386664364,-126.41451508012801,-17.6452386664364
767.6727959223705,423.7142406895412,-127.67279592237048,56.285759310458786
773.3406553222503,339.7600540492366,-133.3406553222503,140.2399459507634
802.2676445644396,546.409487317499,-162.2676445644396,-66.40948731749904
847.3338851587138,280.37957556634547,-207.33388515871377,199.62042443365453
901.0982910667815,529.087437049783,-261.0982910667815,-49.087437049783034
862.0583877267735,265.72994938321006,-222.0583877267735,214.27005061678994
806.5905395454124,543.4570079515574,-166.5905395454124,-63.45700795155744
751.0452713464226,354.1415610325664,-111.04527134642262,125.85843896743359
822.4582687473796,562.2565279183093,-182.45826874737963,-82.2565279183093
785.3272856267113,455.8076241588983,-145.32728562671127,24.192375841101693
752.6875852595199,397.01218701688174,-112.68758525951989,82.98781298311826
784.0670498252962,339.078534997801,-144.06704982529618,140.921465002199
839.9994785374346,273.1098243612394,-199.99947853743458,206.89017563876058
283.123726475731,478.5412588593745,356.876273524269,1.4587411406254773
788.1766561679163,290.4489055970229,-148.17665616791635,189.55109440297713
793.1369538623829,338.76519959471364,-153.13695386238294,141.23480040528636
818.882513866531,139.3743409076394,-178.88251386653099,340.6256590923606
886.0997589169364,389.9728287926897,-246.09975891693637,90.02717120731029
887.7299236993224,384.1671068810303,-247.7299236993224,95.83289311896971
988.2931451754478,407.2043033874962,-348.29314517544776,72.79569661250378
930.1281992737339,392.7284899664599,-290.1281992737339,87.2715100335401
840.6000942583194,597.7272860153155,-200.60009425831936,-117.72728601531549
629.1328068593436,689.3482815946368,10.867193140656354,-209.34828159463677
1168.8276209852204,464.01302643849243,-528.8276209852204,15.986973561507568
335.03941912962046,342.33110854898626,304.96058087037954,137.66889145101374
96.87440217212402,316.4410458346061,543.1255978278759,163.5589541653939
320.9112044164229,579.336195082693,319.0887955835771,-99.33619508269305
1139.4650059679639,393.0229985717488,-499.46500596796386,86.97700142825119
959.6644290689345,446.88693846165177,-319.6644290689345,33.113061538348234
1043.9013476218056,420.62719323860836,-403.9013476218056,59.372806761391644
810.295572674348,175.68972215932524,-170.29557267434802,304.31027784067476
853.949874781257,388.9983010901428,-213.949874781257,91.00169890985723
1152.9819211146867,488.1340604017147,-512.9819211146867,-8.134060401714692
970.7771714790958,352.025712266473,-330.77717147909584,127.97428773352698
1064.135169062527,313.46992155323295,-424.135169062527,166.53007844676705
112.13135202515649,270.39930272373306,527.8686479748435,209.60069727626694
899.3899964375947,501.1786257958474,-259.38999643759473,-21.17862579584738
903.4583489975093,367.0214886712367,-263.45834899750935,112.97851132876332
900.8035470689572,473.97301585202035,-260.8035470689572,6.026984147979647
856.8255061330775,294.70159092491076,-216.8255061330775,185.29840907508924
872.3248566794459,382.76580891977187,-232.32485667944593,97.23419108022813
842.7909771443935,454.24552557449545,-202.79097714439354,25.754474425504554
858.5161014648537,295.66879080096663,-218.5161014648537,184.33120919903337
874.2202969200775,381.9863903253833,-234.22029692007754,98.0136096746167
875.4089403789175,289.5246667642385,-235.40894037891746,190.47533323576152
858.5686133278631,384.86782326777325,-218.5686133278631,95.13217673222675

2024-06-17 12:56:29
911.1272822471616,283.7884741141169,-271.1272822471616,196.21152588588308
877.450013209876,288.4439367054585,-237.45001320987603,191.5560632945415
930.3509173948429,433.84710625007665,-290.3509173948429,46.15289374992335
1101.6736343016373,316.53030610713523,-461.6736343016373,163.46969389286477
696.0062838044402,735.066545089116,-56.00628380444016,-255.06654508911595
580.6885545843567,802.2283484343247,59.311445415643334,-322.22834843432474
627.5518074349854,721.4986308810771,12.448192565014551,-241.49863088107713
264.32247523649534,597.6674120236045,375.67752476350466,-117.66741202360447
1131.9238479762341,326.1141904552094,-491.92384797623413,153.88580954479062
193.7849117680578,713.7616560542051,446.2150882319422,-233.7616560542051
66.48131951304332,703.7929622740422,573.5186804869567,-223.79296227404222
569.1231596694307,891.1691467929636,70.87684033056928,-411.1691467929636
318.4305877868678,451.32185898275515,321.5694122131322,28.678141017244855
268.4942156969626,220.48161728308625,371.5057843030374,259.5183827169137
745.0534269292338,613.7385659358436,-105.05342692923375,-133.73856593584355
798.0265451601591,556.329429996451,-158.02654516015912,-76.32942999645104
798.8820499550108,574.8937495263491,-158.88204995501076,-94.8937495263491
556.4482098833544,500.0701125031295,83.55179011664563,-20.070112503129508
754.1198255083034,616.574445512201,-114.11982550830339,-136.574445512201
665.5910477871004,474.5617410698989,-25.591047787100365,5.438258930101085
743.4134188190367,595.2136873730705,-103.41341881903668,-115.21368737307046
747.3804701010155,592.469399541736,-107.38047010101548,-112.46939954173604
575.287184587284,460.4995661418133,64.71281541271605,19.500433858186682
578.8666769800165,461.12902443213386,61.13332301998355,18.87097556786614
207.00736731860212,540.4386213349018,432.9926326813979,-60.43862133490177

2024-06-18 16:55:22
